275.75003441076433 358.8393198224494 323.15334034934205 196.04962540329353 509.4766726376999 
315.2549298247728 269.9369973411659 547.4604111266764 26.407026539771255 479.31282628457564 
177.21654102487867 85.95550444734499 153.44898465797377 310.56364118290304 482.7184910181149 
145.11911708740118 170.74840705043212 295.69518235660445 349.15822132606087 612.9822852744296 
444.70197068396493 134.99688928789521 500.7868122589525 423.876804565752 126.4365721507391 
82.37658406382047 260.95121657714054 108.13826284552854 124.3485763211688 285.0232201827926 
174.26123075813874 120.75192446329602 609.2969527979121 318.80941458681957 146.95717578729938 
220.0352296584048 461.04401346521496 65.52734489718857 589.0720510577817 517.4507203534739 
214.53737725605725 228.0520520420792 391.9818646157795 169.64303576192015 614.6270944784217 
329.5256542579493 124.9378541628452 33.79376654093862 437.81142718303647 592.6562667840069 
384.1744406320716 157.38800315997065 389.60537437610566 445.2255757960987 378.1865616947451 
523.4861749910563 236.12534468206258 347.89842727553867 182.77027618806568 422.595073905636 
478.48398032324087 590.4286431097605 49.42021976531804 372.2316812359421 228.5887808906602 
452.35442959066495 500.67772676316946 455.27368741519365 494.9382312594782 74.27732685699254 
496.0235428043024 498.19032762508544 37.009292229680504 335.8184444262039 101.90846480278229 
460.2474004130432 496.8299627159088 386.34561396746534 449.5162128699795 154.7800613152957 
466.3305709013216 424.56536092341236 513.8516964448595 573.6273344441596 299.067704345065 
73.0733127212454 597.7489567947189 235.8219385459344 24.91441410650497 243.95693176978554 
354.392095731677 531.6292676697927 476.3104642950005 341.5441328685139 331.9432804660212 
583.0291721278945 484.6664453926517 198.39178498393375 573.8713892515717 91.73448270512213 
555.5153752373054 90.60755420126567 158.57505246803834 595.8398388620466 181.00565518708515 
128.59912803994968 511.89390860539004 506.1945359017562 98.32905452756043 469.34434499619084 
476.1017985027717 443.5934748749151 552.6775504096859 346.2761398609192 68.97564131106756 
147.87951445128508 573.3226829685799 62.87592255371686 616.5337289426899 180.05130406173137 
421.4112037374435 46.06922502516022 493.03721377013085 188.47022387437468 518.0708871130596 
205.5174083117161 251.84853974790207 60.260202454873564 511.41997453313775 594.8989647823012 
480.74054254556745 228.99410472972576 491.07434910971045 321.2744803518908 465.249982277538 
559.76054603919 508.7459416712851 198.62876934954755 493.6692657097741 382.70482042836954 
113.52615750392077 391.6839473029136 587.2701081180186 596.1376693229565 360.4481957828466 
46.07737900963198 589.3528782666599 510.3056904968858 100.92189452260034 50.99803022927845 
