66.84363413973209 331.4411924156449 454.8801727475476 505.34626617590754 132.4734989679299 
293.11721358547544 214.7510474540782 44.939052727931575 236.54759240836742 450.2208649047034 
13.168304296571279 346.8340153231279 176.18206386646244 116.09378309079887 322.0044550758427 
413.9879547608838 277.92422649073677 501.36299047537256 72.74685108354316 213.61031409829556 
297.3730840620882 153.85232468565567 154.40004871634588 502.70995070897584 125.22691679465797 
412.44026282979854 328.16678202257367 293.5649507508698 301.71086795609546 408.0675128304821 
123.36059305380886 54.81870688199463 466.33790721134295 270.09738133552963 404.00332921886826 
368.9052956611459 494.9561312241941 321.2319667497583 420.56048028158966 391.5073717471935 
201.0355203757187 169.18747366411085 286.2677169367148 83.74962650988331 103.14736172825656 
228.33167114927383 442.5014955718972 312.83100208873526 385.5894459182029 329.48654904595537 
302.64706507308586 41.79870478766145 304.11011772112766 201.09951881928262 388.9168334135728 
454.1671902154457 413.6842693459984 229.98604547142952 401.57237400459974 484.0853316977716 
120.29459834592076 34.846978848839186 285.00307052600476 347.75469477648863 183.67099195945585 
10.763653377374995 480.1146019837101 296.80220010232085 422.9413187917362 127.87388672602472 
177.480374745948 439.3103024276734 502.14678394737393 392.43207681765153 10.708965469285838 
99.20768115838828 297.5748342264475 503.456345148192 254.48082695267 309.72375271032985 
473.8628253749163 363.16607856969733 216.70726495119357 161.60990699739307 20.82565034229699 
224.4127765204235 139.26485230613162 351.8308416267509 127.96023878943474 383.30752978033615 
46.758403906947954 403.42886260032077 398.5802944372686 450.2480861640084 107.76572727059096 
152.26455862587977 30.534214027036423 357.5486988441179 198.01700030759088 221.33666195745272 
215.45940174591527 386.87594741080954 479.962315160532 328.38449169253295 133.52615758183288 
124.69352246916375 438.1801167498318 397.475937732082 45.62403681177001 378.91923466055306 
435.0798700214353 70.28419134106139 109.94410868173931 214.9971904813518 476.3521352914811 
337.75632580176534 174.91004501037338 394.5885410711048 500.61893492242297 137.87680271254698 
425.41115757521294 125.08362340903905 132.7377732648867 390.2291303587868 384.290631663303 
153.13885166224998 465.2123905401324 63.05870873050228 396.04201131525264 360.44130850960806 
57.16316928785752 493.5400466352544 344.666986203981 144.9043383053623 465.31068011085057 
306.95140410720177 482.6477629200134 495.4970732800337 246.42513260433208 405.4600790885701 
372.9870296263557 293.91125797251254 495.69510271749044 122.22140276025894 71.26867392023222 
501.26814290346783 110.46853712833992 261.494539563274 299.6923708981338 13.069025025530747 
