568.9384737378568 393.23207253271914 480.55324485541496 321.3201912998889 114.88434599350595 
254.2962210827893 215.21168609726695 287.4742172329879 399.1656868720355 48.704362331099254 
93.96927036604166 120.90695282644626 409.4641072601057 373.20067391370407 121.15658460719321 
286.4345187152219 104.85406012856507 87.64366514869388 602.5487965478973 205.41035458004401 
206.0423220014091 224.32221456047728 420.3890228307272 551.6806650190061 113.57389037506185 
213.32390425034737 271.9250577547618 367.8889920904767 462.5978449793394 470.0492822649283 
55.05289987436058 123.22373008079293 172.787018049622 340.96599927366026 134.6610345014292 
383.7021410051787 202.00531207423677 353.6962406005473 173.26912840848303 316.08485179824055 
562.3162374953278 467.5316010870016 159.5549025533497 396.514414054221 106.92653117895755 
570.4688551234478 618.3629419408317 44.97175081117562 346.6585756542118 618.8605055759677 
335.7892039718219 256.6442098200494 304.545484407401 365.77376511132456 282.93492628066383 
451.2989986189867 167.14226477709278 574.1518849390862 371.9237535257786 511.75576108698664 
441.1472947749832 560.8714263596581 427.7757886046982 532.5519858606193 273.92743150102484 
267.7892247340554 109.732302821909 549.8950733431394 546.540768430751 205.8729944217452 
465.6249401207465 273.9947472193642 97.85065875655299 568.5090337297462 352.883002386251 
194.86957909112544 588.3247851323869 360.0809471268774 309.77278951102244 182.72143284606554 
262.1131299321313 535.9132684494366 210.4625231164563 253.971476675183 215.99838050191042 
299.6733256772633 587.5067605661745 524.0515917036396 133.81270845322427 454.32558416398723 
255.34397568552646 518.0449011461562 194.91461393939306 252.7318491335501 418.40110106526754 
560.2691818962837 215.31956385578374 143.99124693207094 397.39865024876104 313.89683328704393 
430.0781819615514 161.6137368860556 257.4504337278796 491.705330335118 75.49576009649952 
49.62083632755621 571.5513305847601 109.0516797438827 279.78679037626245 172.66731510763253 
503.0470537086657 400.16483726991123 520.758381416729 606.2777165023041 340.6795626500894 
268.8497075462513 259.1161824749903 153.29128648876022 369.8019592233393 94.69647486072388 
105.98661150250327 182.6092174698498 113.35649756799869 265.88917655520004 33.249131697159775 
336.3378465391447 326.209637657817 159.70695909006042 85.27241278308892 301.4216115465876 
76.43762644592769 441.8121921903492 200.64792937990012 391.85950787503015 597.1566563343565 
305.41873359633195 102.51499809308685 437.59877319174996 142.49114327124397 21.434425957651484 
366.07078333555563 226.19963696256835 231.2739193538885 120.67147155131337 521.859117049807 
93.36467870837377 612.072154932285 79.2183953237815 403.4319529133775 408.42685083874323 
