11.374346653825299 458.4374340876786 176.2154654104744 330.976993458391 292.9838603713353 
343.3161361207093 122.89100375235905 487.82507095618064 268.92480325108 116.12095041016633 
36.10908588969923 493.6521414316893 454.58636631665803 357.50640062663206 137.65819521037375 
212.32148994101183 213.81203450655795 111.38378674043358 154.28312616462864 447.8325260579259 
415.8443591107819 324.34426933010803 432.28659798775425 378.75426900017646 117.44668248263062 
17.778502528573092 187.65943577399145 351.3319100893653 272.15506240725415 225.8958976788527 
456.192407027115 126.96955417407185 93.61335479858045 357.8466910408195 433.02296758855834 
304.79237016834173 324.9447728867413 267.1499087966758 16.06980762814141 264.9911890052351 
291.11284803999456 436.6303542678615 492.80858198342656 103.65266367357266 236.22511410855367 
312.06777392104465 434.84176396153794 154.77820472621366 72.732459060774 442.7613159000124 
489.7158467019864 320.1947276969099 294.477447172656 212.2123668806029 384.43898395123733 
53.060362484132696 430.54449221117864 67.12891451310826 80.15211925892112 465.66832877698135 
41.865367411649416 277.9546292827077 142.4069450408709 157.2518854377012 387.53278740326175 
389.12565286487813 16.50356543024494 482.49381496094867 12.775417497884792 142.25834268569625 
22.34111122966136 106.44322053917293 135.5474664540822 280.4710677973974 508.2344677329541 
316.54300372199316 333.685774821838 267.0430934375583 228.1501737396735 187.47104234280974 
159.58777477211316 76.61376486626935 131.81458175042448 319.49819455666045 434.36322234084224 
342.125217839467 382.14755000771277 496.0663013994613 98.41302956271785 265.71143515731126 
39.47461108407023 231.28927273444964 120.3881309519854 326.73708898732747 476.9708988580014 
303.08041036951863 91.48170062972598 445.18914113809666 216.78984936003704 492.60901968364703 
257.0076433789775 383.624309432379 501.3298343948573 375.7895790301128 362.2186498501413 
295.87564430164696 39.091911059834274 137.50645492476048 314.3168993855058 455.72117101400823 
489.58169332905356 504.27727955010664 287.610436189724 323.7178975368516 376.7085921530996 
16.05834738729488 23.768507206043335 235.40417697380778 245.13547867243923 482.89476380178326 
204.12880919402693 119.07363889568111 499.031886609527 97.11887748341806 396.0099817973397 
276.3237343842993 487.68393137204646 296.79980779787627 199.9822456685647 383.5821202848072 
27.41405820712133 101.1473791580003 350.04947401084837 497.8139014083209 174.26369635607202 
263.57351561587734 143.69573443908178 474.6129599057573 186.89196507716454 213.11421779438322 
203.7494889375781 331.8803421259819 244.14363142050698 379.9152684912981 199.0185446963082 
217.2931072677343 106.73934268796047 125.48479280000623 275.6488206680749 262.7663510934432 
